active 1
playing 1
playlist 0
position 1977
shuffle 16,18,765,766,767,768,769,770,771,772,773,774,775,776,5427,5428
shuffle 5429,5430,5431,5432,5433,5434,5435,5436,5437,5438,5439,5440,2357,2358,2359,2360
shuffle 2361,380,381,383,384,385,386,387,1311,1319,1320,1324,1322,1323,1327,1309
shuffle 1310,4350,4351,4358,4369,4370,4362,4373,4374,4375,4376,4386,4387,4389,1675,1676
shuffle 1677,4871,4882,5071,5061,5057,5056,5092,5088,5089,5090,2896,2891,2892,2893,3565
shuffle 3566,3567,3568,3569,3547,1307,1313,1314,1321,1328,1390,1392,1357,1358,1382,1383
shuffle 1384,1385,1393,1394,1395,1396,1374,1373,1346,1342,1329,1317,1318,1312,1302,1303
shuffle 0,5784,5776,2185,2186,1972,1973,1977
resume-state 1
resume-time 16536
playlist 1
position 2901
shuffle 0,2511,2512,2513,3745,3743,3744,3741,3742,3730,3731,3726,2541,2542,2543,4961
shuffle 4955,4945,4947,4950,4951,4952,4953,4954,4943,4941,4965,4966,4967,4968,4969,4970
shuffle 4971,445,686,699,700,1850,2154,2155,2156,2157,2473,2474,2475,2476,2477,2899
shuffle 2900,2901
resume-state 1
resume-time 45088
